SCORE,DAMAGE,COOLDOWN,DISPERSION,RANGE
23,114.665,-0.408,-40.308,0.0
25,93.64,-0.17,-37.393,0.0
29,91.121,-0.716,-24.147,0.0
32,96.734,-0.97,-46.418,0.0
33,115.597,-0.021,-38.371,0.0
21,99.031,-0.444,-22.032,0.0
31,111.41,-0.712,-48.2,0.0
25,119.303,-0.284,-23.641,0.0
29,119.729,-0.556,-29.733,0.0
29,110.007,-0.914,-25.713,0.0
23,116.796,-0.553,-18.887,0.0
18,89.757,-0.444,-12.115,0.0
23,99.461,-0.083,-34.209,0.0
24,98.165,-0.163,-16.007,0.0
24,102.137,-0.136,-23.257,0.0
22,95.11,-0.237,-26.999,0.0
21,101.166,-0.548,-27.872,0.0
30,119.277,-0.844,-17.605,0.0
28,94.486,-0.683,-10.116,0.0
23,97.434,-0.453,-41.905,0.0
24,91.824,-0.122,-24.309,0.0
34,89.168,-0.843,-41.86,0.0
24,118.737,-0.293,-36.273,0.0
34,84.72,-0.487,-45.72,0.0
25,111.687,-0.26,-22.769,0.0
29,80.161,-0.431,-34.132,0.0
39,92.86,-0.886,-28.565,0.0
25,92.055,-0.001,-22.129,0.0
23,119.752,-0.481,-26.406,0.0
23,83.407,-0.428,-33.909,0.0
29,101.524,-0.56,-41.574,0.0
38,107.658,-0.916,-47.488,0.0
27,96.305,-0.028,-29.273,0.0
39,100.373,-0.812,-35.191,0.0
29,83.679,-0.616,-20.867,0.0
22,99.952,-0.375,-49.101,0.0
33,112.931,-0.938,-31.621,0.0
24,108.523,-0.165,-24.633,0.0
24,84.297,-0.176,-17.695,0.0
24,83.215,-0.137,-15.804,0.0
25,102.115,-0.065,-23.749,0.0
25,113.043,-0.221,-42.493,0.0
24,102.367,-0.104,-30.19,0.0
24,107.259,-0.386,-43.043,0.0
24,84.416,-0.393,-26.029,0.0
24,104.56,-0.344,-24.82,0.0
24,118.267,-0.383,-25.81,0.0
23,105.792,-0.433,-29.411,0.0
31,82.314,-0.673,-22.96,0.0
24,119.771,-0.636,-40.662,0.0
24,100.313,-0.195,-18.257,0.0
25,90.393,-0.247,-15.256,0.0
24,108.184,-0.011,-13.751,0.0
25,87.489,-0.612,-11.142,0.0
28,84.304,-0.538,-17.67,0.0
43,95.613,-0.843,-38.941,0.0
25,96.431,-0.322,-14.062,0.0
27,108.748,-0.777,-10.201,0.0
28,88.09,-0.94,-31.19,0.0
29,96.327,-0.595,-27.853,0.0
28,100.766,-0.815,-12.081,0.0
29,98.871,-0.801,-22.863,0.0
39,101.545,-0.975,-28.69,0.0
38,83.391,-0.748,-35.389,0.0
32,109.154,-0.006,-31.895,0.0
42,101.503,-0.809,-41.151,0.0
22,80.002,-0.087,-43.675,0.0
25,108.641,-0.278,-41.404,0.0
28,88.633,-0.993,-32.74,0.0
24,107.722,-0.301,-26.168,0.0
29,105.454,-0.789,-24.785,0.0
25,116.617,-0.294,-15.511,0.0
25,117.183,-0.301,-18.984,0.0
36,81.224,-0.745,-46.897,0.0
23,99.883,-0.53,-42.899,0.0
24,92.025,-0.204,-28.39,0.0
27,111.222,-0.624,-14.253,0.0
43,92.643,-0.765,-39.205,0.0
24,88.184,-0.551,-23.684,0.0
32,100.825,-0.06,-47.383,0.0
34,80.761,-0.961,-29.576,0.0
24,82.416,-0.248,-18.981,0.0
24,84.152,-0.3,-34.519,0.0
24,81.737,-0.091,-19.657,0.0
23,107.446,-0.47,-19.135,0.0
25,96.45,-0.375,-15.296,0.0
29,115.219,-0.796,-25.397,0.0
22,93.344,-0.36,-44.127,0.0
34,87.516,-0.787,-41.663,0.0
27,106.374,-0.655,-20.444,0.0
24,112.935,-0.277,-36.614,0.0
21,96.416,-0.3,-28.259,0.0
25,109.66,-0.056,-20.766,0.0
21,100.745,-0.312,-30.687,0.0
29,97.434,-0.612,-27.134,0.0
24,103.275,-0.416,-16.931,0.0
31,90.061,-0.633,-32.083,0.0
23,90.815,-0.281,-30.463,0.0
29,94.881,-0.529,-21.45,0.0
31,103.054,-0.675,-46.262,0.0
37,80.206,-0.581,-36.389,0.0
25,96.583,-0.34,-15.381,0.0
27,110.543,-0.65,-23.079,0.0
37,103.176,-0.735,-43.118,0.0
25,103.115,-0.294,-17.903,0.0
28,118.904,-0.8,-19.113,0.0
22,90.336,-0.459,-29.984,0.0
24,113.979,-0.476,-20.28,0.0
29,109.473,-0.687,-35.864,0.0
24,94.062,-0.225,-31.752,0.0
29,112.081,-0.813,-24.191,0.0
25,93.291,-0.04,-16.118,0.0
23,87.303,-0.387,-14.027,0.0
31,80.77,-0.515,-32.425,0.0
24,117.402,-0.497,-18.741,0.0
25,110.432,-0.099,-18.055,0.0
18,98.618,-0.346,-37.96,0.0
24,102.583,-0.003,-13.514,0.0
23,92.381,-0.396,-25.32,0.0
29,83.631,-0.571,-28.211,0.0
25,105.291,-0.33,-15.977,0.0
21,88.087,-0.491,-24.215,0.0
23,99.262,-0.304,-37.792,0.0
23,93.989,-0.422,-42.159,0.0
25,115.028,-0.25,-18.296,0.0
34,103.478,-0.947,-46.568,0.0
25,104.467,-0.059,-29.426,0.0
27,117.807,-0.759,-12.004,0.0
38,93.995,-0.759,-47.149,0.0
24,97.242,-0.264,-21.562,0.0
38,106.097,-0.806,-48.715,0.0
29,118.977,-0.772,-42.765,0.0
23,115.668,-0.547,-15.683,0.0
25,112.711,-0.05,-29.657,0.0
31,100.902,-0.702,-40.478,0.0
23,93.452,-0.427,-22.19,0.0
25,81.948,-0.112,-47.184,0.0
29,119.399,-0.579,-33.904,0.0
28,116.484,-0.721,-27.443,0.0
23,83.395,-0.363,-16.317,0.0
36,89.654,-0.993,-14.248,0.0
25,109.588,-0.325,-43.361,0.0
29,102.192,-0.696,-25.044,0.0
27,108.12,-0.595,-11.749,0.0
21,105.383,-0.305,-32.871,0.0
29,80.382,-0.433,-33.785,0.0
21,116.861,-0.408,-32.665,0.0
21,84.621,-0.286,-23.026,0.0
28,95.706,-0.682,-12.187,0.0
34,88.14,-0.528,-47.253,0.0
31,91.093,-0.888,-15.159,0.0
25,118.934,-0.207,-48.34,0.0
24,115.856,-0.014,-10.162,0.0
25,103.32561,-0.04153961,-18.96437,0.0
34,85.527,-0.849,-36.582,0.0
31,92.618,-0.609,-40.297,0.0
36,35.8,-0.425,-22.449,-1.372
95,38.828,-1.285,-38.499,-10.575
95,76.507,-5.81,-41.938,-14.092
62,113.186,-5.614,-46.037,-0.425
96,41.65,-4.923,-34.152,-3.792
49,97.07,-2.145,-48.796,5.576
100,40.634,-6.722,-12.652,-11.635
39,95.361,-2.639,-46.072,4.759
61,84.45,-5.495,-49.275,17.531
58,118.299,-2.823,-15.377,-12.658
80,90.96,-7.487,-33.926,-9.705
99,22.93,-8.262,-15.241,5.994
28,109.397,-1.009,-21.068,10.895
100,69.837,-7.625,-46.308,-12.159
100,20.435,-4.118,-18.893,-18.496
100,70.22,-6.644,-33.071,-18.756
100,21.128,-9.13,-36.254,10.694
80,40.43,-4.246,-31.74,6.26
99,81.066,-8.738,-42.973,-11.685
72,68.58,-4.227,-15.976,-2.958
100,29.88,-8.872,-29.045,5.193
100,27.421,-5.924,-40.438,0.568
35,113.539,-0.036,-47.49,7.684
22,106.542,-0.319,-20.762,-2.814
80,74.323,-7.132,-27.443,-5.908
100,21.211,-4.831,-16.021,-12.989
78,31.521,-9.89,-40.538,19.164
28,118.444,-2.051,-18.2,-5.328
59,55.016,-2.946,-48.531,11.343
75,20.559,-0.123,-26.048,-4.566
72,98.341,-6.846,-36.6,4.047
35,91.324,-2.745,-12.28,13.757
100,27.063,-9.298,-44.094,4.404
47,113.422,-6.685,-12.115,-1.552
96,39.334,-6.223,-37.998,2.043
55,89.156,-3.971,-23.141,4.412
79,85.623,-9.837,-21.764,1.642
92,88.535,-3.326,-44.714,-19.386
78,88.956,-8.995,-29.534,7.082
61,111.952,-6.217,-23.95,10.564
31,103.763,-1.259,-45.453,-8.948
62,65.327,-0.637,-22.719,-17.21
86,38.531,-6.272,-48.206,14.341
59,107.277,-3.003,-17.49,-7.769
71,101.699,-2.621,-42.13,-12.417
56,80.958,-2.462,-27.312,7.096
28,99.291,-0.627,-25.335,-15.17
100,20.713,-7.33,-24.51,-3.846
77,99.252,-6.832,-11.498,9.921
66,114.268,-7.374,-20.705,-0.258
28,116.507,-1.163,-11.908,8.616
21,80.041,-1.877,-27.084,19.249
67,77.735,-8.119,-27.852,17.894
88,115.647,-8.935,-44.691,-18.005
80,72.847,-7.523,-40.812,-1.989
88,117.843,-9.933,-31.687,-19.144
81,76.347,-7.171,-12.638,-4.529
78,38.52,-9.543,-31.187,11.961
49,49.096,-1.139,-23.868,-2.941
56,89.872,-6.716,-24.047,7.127
41,102.922,-1.546,-10.731,0.26
72,113.096,-8.079,-41.3,4.229
81,104.396,-5.794,-20.12,-17.847
27,108.0832,0.4669187,-27.06901,0.9290183
31,105.1574,0.1201886,-27.37854,0.8094358
60,81.665,-1.576,-29.809,-18.469
80,86.752,-9.776,-48.699,6.376
42,114.417,-0.944,-44.248,-7.783
76,73.332,-4.874,-45.175,-5.556
19,41.539,-1.6,-11.505,19.777
60,108.903,-8.674,-43.509,14.755
21,102.0639,-0.360992,-27.76006,0.5009835
35,107.597,-0.527,-23.897,-6.972
100,36.147,-5.801,-26.501,-17.103
100,36.693,-9.627,-34.498,-9.948
66,74.785,-2.151,-29.807,-5.648
72,100.801,-5.809,-34.455,9.409
100,25.883,-4.639,-39.895,-14.686
78,39.856,-6.624,-46.965,12.464
77,103.496,-6.771,-30.232,-13.88
100,58.972,-4.709,-47.977,-18.451
54,55.903,-1.608,-43.905,4.159
100,30.695,-2.695,-14.988,-7.017
100,24.032,-6.153,-27.985,-5.145
100,86.489,-9.984,-41.783,-16.922
35,96.919,-0.387,-10.814,-19.089
70,52.454,-3.347,-31.632,6.566
50,38.604,-2.847,-23.284,14.074
41,74.758,-2.748,-32.435,6.037
63,80.818,-4.991,-17.44,4.856
100,34.391,-8.42,-21.972,-2.436
70,91.217,-2.299,-48.831,-1.807
52,110.958,-3.534,-32.387,18.716
42,90.752,-3.303,-29.974,0.729
96,26.016,-2.414,-28.581,-3.18
95,58.346,-2.325,-10.466,-19.371
100,54.256,-4.57,-49.529,-14.322
59,81.44,-2.242,-11.717,-18.848
100,28.83,-2.152,-43.722,-16.379
80,93.361,-6.407,-18.962,-17.65
77,64.985,-7.135,-15.187,-0.637
54,87.454,-1.786,-26.95,-13.116
52,59.888,-1.23,-37.58,-7.498
51,72.322,-1.761,-30.912,-5.885
81,86.941,-7.314,-18.981,-8.323
32,97.697,-3.091,-16.177,6.487
100,30.068,-6.975,-12.882,-2.716
46,54.456,-1.755,-17.645,7.004
88,76.406,-6.149,-21.562,-12.094
81,112.792,-6.362,-25.468,-17.744
71,75.42,-9.051,-26.64,12.119
62,90.093,-3.053,-34.919,7.713
56,118.975,-3.824,-36.868,-2.611
59,24.094,-4.866,-24.319,18.819
29,109.498,-0.004,-25.028,17.727
18,45.292,-0.567,-27.05,9.453
68,93.367,-5.58,-46.542,0.065
34,76.061,-3.079,-44.856,19.502
47,115.033,-3.607,-31.64,5.745
18,42.004,-0.188,-45.19,6.541
54,98.117,-4.405,-37.088,8.278
78,25.389,-8.16,-24.707,16.262
53,83.444,-8.857,-27.616,15.414
54,42.176,-3.571,-34.673,17.575
78,35.2,-6.954,-46.795,16.083
95,43.59,-2.87,-26.853,-7.876
77,26.838,-5.98,-34.238,11.74
66,112.798,-3.69,-25.563,-9.798
71,114.544,-5.343,-16.476,-14.091
69,30.645,-6.838,-34.095,19.174
100,53.196,-3.886,-37.742,-12.226
17,118.225,-1.485,-31.754,16.657
33,118.589,-0.424,-46.899,9.586
83,23.22,-3.573,-46.158,9.447
71,61.319,-6.87,-13.053,7.62
66,32.812,-7.214,-14.766,15.584
71,100.994,-4.27,-37.804,-8.391
60,112.975,-2.874,-20.344,-10.59
88,75.877,-6.929,-20.795,-10.572
66,98.114,-5.861,-16.109,9.07
61,41.834,-3.312,-20.979,6.276
100,48.982,-9.202,-49.376,-4.081
100,60.596,-9.572,-20.665,-11.718
100,33.159,-3.42,-26.732,-18.991
51,105.363,-5.251,-23.416,-0.284
100,35.502,-3.394,-26.745,-16.736
81,32.243,-3.817,-39.206,10.247
62,101.558,-3.303,-40.51,-13.134
67,36.844,-2.895,-36.857,4.419
100,39.439,-5.189,-48.16,-5.891
71,84.415,-7.76,-17.583,5.598
99,56.692,-9.389,-27.954,-1.684
100,24.408,-9.792,-44.567,6.115
99,78.271,-6.451,-23.486,-19.55
100,29.015,-0.589,-45.171,-14.595
65,56.33,-6.464,-25.089,17.825
65,39.433,-4.536,-40.852,17.463
61,44.621,-5.846,-37.505,19.003
21,115.701,-0.547,-27.843,0.981
48,117.681,-2.835,-34.037,11.694
100,41.721,-5.607,-17.975,-16.889
40,107.386,-3.485,-28.55,8.213
21,102.0639,-0.360992,-27.76006,0.5009835
15,98.322,0.416,-42.626,-7.674
38,88.16152,3.37554,-22.38162,3.60804
15,106.807,0.776,-32.551,-11.333
