v2.0 raw
8c0f0010
8c020014
8c030014
00000000
21e40000
00000000
00000000
20010000
10240008
00000000
00000000
00000000
2084ffff
20630004
08000007
00000000
00000000
21e40000
00000000
00000000
00000000
20010000
1024001a
2084ffff
8c480000
8c690000
00000000
00000000
00000000
01093022
20010001
00000000
00000000
00c0502a
00000000
00000000
20010001
102a0008
20010000
00000000
00000000
00000000
01866020
08000015
20420004
20630004
00063022
0800002a
00000000
00000000
ac0c000c
00000000
00000000
00000000
fc000000
