v2.0 raw
20210010
00000000
00000000
00000000
8c2f0000
00000000
00000000
00000000
20420014
00000000
00000000
00000000
8c420000
00000000
00000000
00000000
00621820
00000000
00000000
00000000
008f2020
00000000
00000000
00000000
20010000
00000000
00000000
00000000
00000000
10240008
00000000
00000000
00000000
20630004
00000000
00000000
00000000
20010001
00000000
00000000
00000000
00000000
00812022
00000000
00000000
00000000
08000018
00000000
00000000
00000000
008f2020
00000000
00000000
00000000
20010000
00000000
00000000
00000000
00000000
1024001f
00000000
00000000
00000000
20010001
00000000
00000000
00000000
00000000
00812022
00000000
00000000
00000000
8c480000
00000000
00000000
00000000
8c690000
00000000
00000000
00000000
01093022
00000000
00000000
00000000
00c5502a
00000000
00000000
00000000
20010001
00000000
00000000
00000000
00000000
102a000c
00000000
00000000
00000000
00e63820
00000000
00000000
00000000
01876020
00003020
00000000
00000000
00000000
00003820
00000000
00000000
00000000
20420004
00000000
00000000
00000000
20630004
00000000
00000000
00000000
08000054
00000000
00000000
00000000
08000060
00000000
00000000
00000000
00063822
00000000
00000000
00000000
ac0c000c
fc000000