v2.0 raw
20210010
00000000
00000000
00000000
8c2f0000
20420014
00000000
00000000
00000000
8c420000
00000000
00000000
00000000
00621820
008f2020
00000000
00000000
00000000
20010000
1024000c
00000000
00000000
00000000
00000000
20630004
20010001
00812022
08000012
00000000
00000000
00000000
00000000
008f2020
00000000
00000000
00000000
20010000
10240025
20010001
00812022
8c480000
8c690000
00000000
00000000
00000000
01093022
00000000
00000000
00000000
00c5502a
00000000
00000000
00000000
20010001
102a000f
00e63820
00000000
00000000
00000000
00000000
01876020
00003020
00003820
20420004
20630004
08000035
00000000
00000000
00000000
00000000
0800003c
00063822
00000000
00000000
00000000
ac0c000c
00000000
00000000
00000000
fc000000