v2.0 raw
20210010
00000000
00000000
00000000
8c2f0000
20420014
00000000
00000000
00000000
8c420000
00000000
00000000
00000000
00621820
00000000
00000000
00000000
008f2020
00000000
00000000
00000000
20010000
00000000
00000000
00000000
1024000f
00000000
00000000
00000000
20630004
00000000
00000000
00000000
2084ffff
00000000
00000000
00000000
08000018
00000000
00000000
00000000
008f2020
00000000
00000000
00000000
20010000
00000000
00000000
00000000
10240041
00000000
00000000
00000000
20010000
00000000
00000000
00000000
00812022
00000000
00000000
00000000
8c480000
00000000
00000000
00000000
8c690000
00000000
00000000
00000000
01093022
00000000
00000000
00000000
00c5502a
00000000
00000000
00000000
20010000
00000000
00000000
00000000
102a001f
00000000
00000000
00000000
00e63820
00000000
00000000
00000000
01876020
00000000
00000000
00000000
00003020
00000000
00000000
00000000
00003820
00000000
00000000
00000000
20420004
00000000
00000000
00000000
20630004
00000000
00000000
00000000
08000032
00000000
00000000
00000000
00063822
00000000
00000000
00000000
08000050
00000000
00000000
00000000
ac2c000c
00000000
00000000
00000000
fc000000